[1]
8 8 8 8 8 8 8 8 
 8 8 2 8 8 8 8 8 
 8 8 3 8 8 8 8 8 
 8 8 3 8 8 8 8 8 
 8 8 3 8 8 8 8 8 
 8 8 3 8 8 8 8 8 
 8 8 8 8 8 8 8 8 
 8 8 8 8 8 8 8 8 
 [2]
8 8 2 8 8 8 8 8 
 8 8 3 8 8 8 8 8 
 8 8 3 8 8 8 8 8 
 8 8 3 8 8 8 8 8 
 8 8 3 8 8 8 8 8 
 8 8 8 8 8 8 8 8 
 8 8 8 8 8 8 8 8 
 8 8 8 8 8 8 8 8 
 [1]
8 8 8 8 8 8 8 8 
 8 8 2 8 8 8 8 8 
 8 8 3 8 8 8 8 8 
 8 8 3 8 8 8 8 8 
 8 8 3 8 8 8 8 8 
 8 8 3 8 8 8 8 8 
 8 8 8 8 8 8 8 8 
 8 8 8 8 8 8 8 8 
 [2]
8 8 2 8 8 8 8 8 
 8 8 3 8 8 8 8 8 
 8 8 3 8 8 8 8 8 
 8 8 3 8 8 8 8 8 
 8 8 3 8 8 8 8 8 
 8 8 8 8 8 8 8 8 
 8 8 8 8 8 8 8 8 
 8 8 8 8 8 8 8 8 
 [1]
8 8 8 8 8 8 8 8 
 8 8 2 8 8 8 8 8 
 8 8 3 8 8 8 8 8 
 8 8 3 8 8 8 8 8 
 8 8 3 8 8 8 8 8 
 8 8 3 8 8 8 8 8 
 8 8 8 8 8 8 8 8 
 8 8 8 8 8 8 8 8 
 [2]
8 8 2 8 8 8 8 8 
 8 8 3 8 8 8 8 8 
 8 8 3 8 8 8 8 8 
 8 8 3 8 8 8 8 8 
 8 8 3 8 8 8 8 8 
 8 8 8 8 8 8 8 8 
 8 8 8 8 8 8 8 8 
 8 8 8 8 8 8 8 8 
 [1]
8 8 8 8 8 
 8 2 8 8 8 
 8 3 8 8 8 
 8 3 8 8 8 
 8 3 8 8 8 
 [2]
8 8 8 8 8 
 8 3 2 8 8 
 8 3 8 8 8 
 8 3 8 8 8 
 8 3 8 8 8 
 [3]
8 8 8 8 8 
 8 3 2 8 8 
 8 3 8 8 8 
 8 3 8 8 8 
 8 3 8 8 8 
 [4]
8 8 8 8 8 
 8 3 3 8 8 
 8 3 2 8 8 
 8 3 8 8 8 
 8 8 8 8 8 
 [5]
8 8 8 8 8 
 8 3 3 8 8 
 8 3 2 8 8 
 8 3 8 8 8 
 8 8 8 8 8 
 [1]
8 8 8 98 8 8 
 8 2 8 8 8 8 
 8 3 8 8 8 8 
 8 3 8 8 8 8 
 8 3 8 8 8 8 
 8 3 8 8 8 8 
 [2]
8 2 8 98 8 8 
 8 3 8 8 8 8 
 8 3 8 8 8 8 
 8 3 8 8 8 8 
 8 3 8 8 8 8 
 8 8 8 8 8 8 
 [3]
8 2 8 98 8 8 
 8 3 8 8 8 8 
 8 3 8 8 8 8 
 8 3 8 8 8 8 
 8 3 8 8 8 8 
 8 8 8 8 8 8 
 [4]
8 3 2 98 8 8 
 8 3 8 8 8 8 
 8 3 8 8 8 8 
 8 3 8 8 8 8 
 8 8 8 8 8 8 
 8 8 8 8 8 8 
 [5]
8 3 3 2 8 8 
 8 3 8 8 8 8 
 8 3 8 8 8 8 
 8 3 8 8 8 8 
 8 8 8 8 8 8 
 8 8 8 8 8 8 
 [6]
8 3 3 3 2 8 
 8 3 8 8 8 8 
 8 3 8 8 8 8 
 8 8 8 8 8 8 
 8 8 8 8 8 8 
 8 8 8 8 8 8 
 [7]
8 3 3 3 2 8 
 8 3 8 8 8 8 
 8 3 8 8 8 8 
 8 8 8 8 8 8 
 8 8 8 8 8 8 
 8 8 8 8 8 8 
 [1]
8 8 8 98 8 8 
 8 2 8 8 8 8 
 8 3 8 8 8 8 
 8 3 8 8 8 8 
 8 3 8 8 8 8 
 8 3 8 8 8 8 
 [2]
8 2 8 98 8 8 
 8 3 8 8 8 8 
 8 3 8 8 8 8 
 8 3 8 8 8 8 
 8 3 8 8 8 8 
 8 8 8 8 8 8 
 [3]
8 2 8 98 8 8 
 8 3 8 8 8 8 
 8 3 8 8 8 8 
 8 3 8 8 8 8 
 8 3 8 8 8 8 
 8 8 8 8 8 8 
 [1]
8 8 8 98 8 8 
 8 2 8 8 8 8 
 8 3 8 8 8 8 
 8 3 8 8 8 8 
 8 3 8 8 8 8 
 8 3 8 8 8 8 
 [2]
8 2 8 98 8 8 
 8 3 8 8 8 8 
 8 3 8 8 8 8 
 8 3 8 8 8 8 
 8 3 8 8 8 8 
 8 8 8 8 8 8 
 [3]
8 2 8 98 8 8 
 8 3 8 8 8 8 
 8 3 8 8 8 8 
 8 3 8 8 8 8 
 8 3 8 8 8 8 
 8 8 8 8 8 8 
 [4]
8 3 2 98 8 8 
 8 3 8 8 8 8 
 8 3 8 8 8 8 
 8 3 8 8 8 8 
 8 8 8 8 8 8 
 8 8 8 8 8 8 
 [1]
8 8 8 98 8 8 
 8 2 8 8 8 8 
 8 3 8 8 8 8 
 8 3 8 8 8 8 
 8 3 8 8 8 8 
 8 3 8 8 8 8 
 [2]
8 2 8 98 8 8 
 8 3 8 8 8 8 
 8 3 8 8 8 8 
 8 3 8 8 8 8 
 8 3 8 8 8 8 
 8 8 8 8 8 8 
 [1]
8 8 8 98 8 8 
 8 2 8 8 8 8 
 8 3 8 8 8 8 
 8 3 8 8 8 8 
 8 3 8 8 8 8 
 8 3 8 8 8 8 
 [1]
8 8 8 98 8 8 
 8 2 8 8 8 8 
 8 3 8 8 8 8 
 8 3 8 8 8 8 
 8 3 8 8 8 8 
 8 3 8 8 8 8 
 [2]
8 2 8 98 8 8 
 8 3 8 8 8 8 
 8 3 8 8 8 8 
 8 3 8 8 8 8 
 8 3 8 8 8 8 
 8 8 8 8 8 8 
 [1]
8 8 8 98 8 8 
 8 2 8 8 8 8 
 8 3 8 8 8 8 
 8 3 8 8 8 8 
 8 3 8 8 8 8 
 8 3 8 8 8 8 
 [1]
8 8 8 98 8 8 
 8 2 8 8 8 8 
 8 3 8 8 8 8 
 8 3 8 8 8 8 
 8 3 8 8 8 8 
 8 3 8 8 8 8 
 [1]
8 8 8 8 8 8 8 8 
 8 8 2 8 8 8 8 8 
 8 8 3 8 8 8 8 8 
 8 8 3 8 8 8 8 8 
 8 8 3 8 8 8 8 8 
 8 8 3 8 8 8 8 8 
 8 8 8 8 8 8 8 8 
 8 8 8 8 8 8 8 8 
 [1]
8 8 8 98 8 8 
 8 2 8 8 8 8 
 8 3 8 8 8 8 
 8 3 8 8 8 8 
 8 3 8 8 8 8 
 8 3 8 8 8 8 
 [2]
8 2 8 98 8 8 
 8 3 8 8 8 8 
 8 3 8 8 8 8 
 8 3 8 8 8 8 
 8 3 8 8 8 8 
 8 8 8 8 8 8 
 [3]
8 2 8 98 8 8 
 8 3 8 8 8 8 
 8 3 8 8 8 8 
 8 3 8 8 8 8 
 8 3 8 8 8 8 
 8 8 8 8 8 8 
 [1]
8 8 8 99 8 8 
 8 2 8 8 8 8 
 8 3 8 8 8 8 
 8 3 8 8 8 8 
 8 3 8 8 8 8 
 8 3 8 8 8 8 
 [2]
8 2 8 99 8 8 
 8 3 8 8 8 8 
 8 3 8 8 8 8 
 8 3 8 8 8 8 
 8 3 8 8 8 8 
 8 8 8 8 8 8 
 [3]
8 2 8 99 8 8 
 8 3 8 8 8 8 
 8 3 8 8 8 8 
 8 3 8 8 8 8 
 8 3 8 8 8 8 
 8 8 8 8 8 8 
 [4]
8 3 2 99 8 8 
 8 3 8 8 8 8 
 8 3 8 8 8 8 
 8 3 8 8 8 8 
 8 8 8 8 8 8 
 8 8 8 8 8 8 
 [5]
8 3 3 2 8 8 
 8 3 8 8 8 8 
 8 3 8 8 8 8 
 8 3 8 8 8 8 
 8 8 8 8 8 8 
 8 8 8 8 8 8 
 [6]
8 3 3 3 2 8 
 8 3 8 8 8 8 
 8 3 8 8 8 8 
 8 8 8 8 8 8 
 8 8 8 8 8 8 
 8 8 8 8 8 8 
 [1]
8 8 8 8 8 
 8 2 8 8 8 
 8 3 8 8 8 
 8 3 8 8 8 
 8 3 8 8 8 
 [2]
8 8 8 8 8 
 8 3 2 8 8 
 8 3 8 8 8 
 8 3 8 8 8 
 8 3 8 8 8 
 [1]
8 8 8 8 8 8 8 8 
 8 8 2 8 8 8 8 8 
 8 8 3 8 8 8 8 8 
 8 8 3 8 8 8 8 8 
 8 8 3 8 8 8 8 8 
 8 8 3 8 8 8 8 8 
 8 8 8 8 8 8 8 8 
 8 8 8 8 8 8 8 8 
 [2]
8 8 2 8 8 8 8 8 
 8 8 3 8 8 8 8 8 
 8 8 3 8 8 8 8 8 
 8 8 3 8 8 8 8 8 
 8 8 3 8 8 8 8 8 
 8 8 8 8 8 8 8 8 
 8 8 8 8 8 8 8 8 
 8 8 8 8 8 8 8 8 
 [1]
8 8 8 98 8 8 
 8 2 8 8 8 8 
 8 3 8 8 8 8 
 8 3 8 8 8 8 
 8 3 8 8 8 8 
 8 3 8 8 8 8 
 [2]
8 2 8 98 8 8 
 8 3 8 8 8 8 
 8 3 8 8 8 8 
 8 3 8 8 8 8 
 8 3 8 8 8 8 
 8 8 8 8 8 8 
 [1]
8 8 8 8 8 8 8 8 
 8 8 2 8 8 8 8 8 
 8 8 3 8 8 8 8 8 
 8 8 3 8 8 8 8 8 
 8 8 3 8 8 8 8 8 
 8 8 3 8 8 8 8 8 
 8 8 8 8 8 8 8 8 
 8 8 8 8 8 8 8 8 
 [2]
8 8 2 8 8 8 8 8 
 8 8 3 8 8 8 8 8 
 8 8 3 8 8 8 8 8 
 8 8 3 8 8 8 8 8 
 8 8 3 8 8 8 8 8 
 8 8 8 8 8 8 8 8 
 8 8 8 8 8 8 8 8 
 8 8 8 8 8 8 8 8 
 [1]
8 8 8 98 8 8 
 8 2 8 8 8 8 
 8 3 8 8 8 8 
 8 3 8 8 8 8 
 8 3 8 8 8 8 
 8 3 8 8 8 8 
 [1]
8 8 8 8 8 8 8 8 
 8 8 2 8 8 8 8 8 
 8 8 3 8 8 8 8 8 
 8 8 3 8 8 8 8 8 
 8 8 3 8 8 8 8 8 
 8 8 3 8 8 8 8 8 
 8 8 8 8 8 8 8 8 
 8 8 8 8 8 8 8 8 
 [1]
8 8 8 98 8 8 
 8 2 8 8 8 8 
 8 3 8 8 8 8 
 8 3 8 8 8 8 
 8 3 8 8 8 8 
 8 3 8 8 8 8 
 [2]
8 2 8 98 8 8 
 8 3 8 8 8 8 
 8 3 8 8 8 8 
 8 3 8 8 8 8 
 8 3 8 8 8 8 
 8 8 8 8 8 8 
 [3]
8 2 8 98 8 8 
 8 3 8 8 8 8 
 8 3 8 8 8 8 
 8 3 8 8 8 8 
 8 3 8 8 8 8 
 8 8 8 8 8 8 
 [4]
8 3 2 98 8 8 
 8 3 8 8 8 8 
 8 3 8 8 8 8 
 8 3 8 8 8 8 
 8 8 8 8 8 8 
 8 8 8 8 8 8 
 [5]
8 3 3 2 8 8 
 8 3 8 8 8 8 
 8 3 8 8 8 8 
 8 3 8 8 8 8 
 8 8 8 8 8 8 
 8 8 8 8 8 8 
 [6]
8 3 3 3 2 8 
 8 3 8 8 8 8 
 8 3 8 8 8 8 
 8 8 8 8 8 8 
 8 8 8 8 8 8 
 8 8 8 8 8 8 
 [7]
8 3 3 3 2 8 
 8 3 8 8 8 8 
 8 3 8 8 8 8 
 8 8 8 8 8 8 
 8 8 8 8 8 8 
 8 8 8 8 8 8 
 [8]
8 3 3 3 2 8 
 8 3 8 8 8 8 
 8 3 8 8 8 8 
 8 8 8 8 8 8 
 8 8 8 8 8 8 
 8 8 8 8 8 8 
 [9]
8 3 3 3 2 8 
 8 3 8 8 8 8 
 8 3 8 8 8 8 
 8 8 8 8 8 8 
 8 8 8 8 8 8 
 8 8 8 8 8 8 
 [10]
8 3 3 3 2 8 
 8 3 8 8 8 8 
 8 3 8 8 8 8 
 8 8 8 8 8 8 
 8 8 8 8 8 8 
 8 8 8 8 8 8 
 [1]
8 8 8 98 8 8 
 8 2 8 8 8 8 
 8 3 8 8 8 8 
 8 3 8 8 8 8 
 8 3 8 8 8 8 
 8 3 8 8 8 8 
 [2]
8 2 8 98 8 8 
 8 3 8 8 8 8 
 8 3 8 8 8 8 
 8 3 8 8 8 8 
 8 3 8 8 8 8 
 8 8 8 8 8 8 
 [3]
8 2 8 98 8 8 
 8 3 8 8 8 8 
 8 3 8 8 8 8 
 8 3 8 8 8 8 
 8 3 8 8 8 8 
 8 8 8 8 8 8 
 [4]
8 3 2 98 8 8 
 8 3 8 8 8 8 
 8 3 8 8 8 8 
 8 3 8 8 8 8 
 8 8 8 8 8 8 
 8 8 8 8 8 8 
 [5]
8 3 3 2 8 8 
 8 3 8 8 8 8 
 8 3 8 8 8 8 
 8 3 8 8 8 8 
 8 8 8 8 8 8 
 8 8 8 8 8 8 
 [6]
8 3 3 3 2 8 
 8 3 8 8 8 8 
 8 3 8 8 8 8 
 8 8 8 8 8 8 
 8 8 8 8 8 8 
 8 8 8 8 8 8 
 [7]
8 3 3 3 2 8 
 8 3 8 8 8 8 
 8 3 8 8 8 8 
 8 8 8 8 8 8 
 8 8 8 8 8 8 
 8 8 8 8 8 8 
 [8]
8 3 3 3 2 8 
 8 3 8 8 8 8 
 8 3 8 8 8 8 
 8 8 8 8 8 8 
 8 8 8 8 8 8 
 8 8 8 8 8 8 
 [9]
8 3 3 3 2 8 
 8 3 8 8 8 8 
 8 3 8 8 8 8 
 8 8 8 8 8 8 
 8 8 8 8 8 8 
 8 8 8 8 8 8 
 [10]
8 3 3 3 2 8 
 8 3 8 8 8 8 
 8 3 8 8 8 8 
 8 8 8 8 8 8 
 8 8 8 8 8 8 
 8 8 8 8 8 8 
 [11]
8 3 3 3 2 8 
 8 3 8 8 8 8 
 8 3 8 8 8 8 
 8 8 8 8 8 8 
 8 8 8 8 8 8 
 8 8 8 8 8 8 
 [12]
8 3 3 3 2 8 
 8 3 8 8 8 8 
 8 3 8 8 8 8 
 8 8 8 8 8 8 
 8 8 8 8 8 8 
 8 8 8 8 8 8 
 [13]
8 3 3 3 2 8 
 8 3 8 8 8 8 
 8 3 8 8 8 8 
 8 8 8 8 8 8 
 8 8 8 8 8 8 
 8 8 8 8 8 8 
 [14]
8 3 3 3 2 8 
 8 3 8 8 8 8 
 8 3 8 8 8 8 
 8 8 8 8 8 8 
 8 8 8 8 8 8 
 8 8 8 8 8 8 
 [15]
8 3 3 3 2 8 
 8 3 8 8 8 8 
 8 3 8 8 8 8 
 8 8 8 8 8 8 
 8 8 8 8 8 8 
 8 8 8 8 8 8 
 