--------------------------
[1]
1
Head    (2,1)(0,-1)
Tail[ 0](2,2)(0,-1)
Tail[ 1](2,3)(0,-1)
Tail[ 2](2,4)(0,-1)
Tail[ 3](2,5)(0,-1)
--------------------------
[2]
1
Head    (2,0)(0,-1)
Tail[ 0](2,1)(0,-1)
Tail[ 1](2,2)(0,-1)
Tail[ 2](2,3)(0,-1)
Tail[ 3](2,4)(0,-1)
--------------------------
[1]
1
Head    (2,1)(0,-1)
Tail[ 0](2,2)(0,-1)
Tail[ 1](2,3)(0,-1)
Tail[ 2](2,4)(0,-1)
Tail[ 3](2,5)(0,-1)
--------------------------
[2]
1
Head    (2,0)(0,-1)
Tail[ 0](2,1)(0,-1)
Tail[ 1](2,2)(0,-1)
Tail[ 2](2,3)(0,-1)
Tail[ 3](2,4)(0,-1)
--------------------------
[1]
1
Head    (2,1)(0,-1)
Tail[ 0](2,2)(0,-1)
Tail[ 1](2,3)(0,-1)
Tail[ 2](2,4)(0,-1)
Tail[ 3](2,5)(0,-1)
--------------------------
[2]
1
Head    (2,0)(0,-1)
Tail[ 0](2,1)(0,-1)
Tail[ 1](2,2)(0,-1)
Tail[ 2](2,3)(0,-1)
Tail[ 3](2,4)(0,-1)
--------------------------
[1]
2
Head    (1,1)(1,0)
Tail[ 0](1,2)(0,-1)
Tail[ 1](1,3)(0,-1)
Tail[ 2](1,4)(0,-1)
Tail[ 3](1,5)(0,-1)
--------------------------
[2]
2
Head    (2,1)(1,0)
Tail[ 0](1,1)(1,0)
Tail[ 1](1,2)(0,-1)
Tail[ 2](1,3)(0,-1)
Tail[ 3](1,4)(0,-1)
[3]
3
Head    (2,1)(0,1)
Tail[ 0](1,1)(1,0)
Tail[ 1](1,2)(0,-1)
Tail[ 2](1,3)(0,-1)
Tail[ 3](1,4)(0,-1)
[4]
3
Head    (2,2)(0,1)
Tail[ 0](2,1)(0,1)
Tail[ 1](1,1)(1,0)
Tail[ 2](1,2)(0,-1)
Tail[ 3](1,3)(0,-1)
[5]
0
Head    (2,2)(-1,0)
Tail[ 0](2,1)(0,1)
Tail[ 1](1,1)(1,0)
Tail[ 2](1,2)(0,-1)
Tail[ 3](1,3)(0,-1)
--------------------------
[1]
1
Head    (1,1)(0,-1)
Tail[ 0](1,2)(0,-1)
Tail[ 1](1,3)(0,-1)
Tail[ 2](1,4)(0,-1)
Tail[ 3](1,5)(0,-1)
--------------------------
[2]
1
Head    (1,0)(0,-1)
Tail[ 0](1,1)(0,-1)
Tail[ 1](1,2)(0,-1)
Tail[ 2](1,3)(0,-1)
Tail[ 3](1,4)(0,-1)
[3]
2
Head    (1,0)(1,0)
Tail[ 0](1,1)(0,-1)
Tail[ 1](1,2)(0,-1)
Tail[ 2](1,3)(0,-1)
Tail[ 3](1,4)(0,-1)
[4]
2
Head    (2,0)(1,0)
Tail[ 0](1,0)(1,0)
Tail[ 1](1,1)(0,-1)
Tail[ 2](1,2)(0,-1)
Tail[ 3](1,3)(0,-1)
[5]
2
Head    (3,0)(1,0)
Tail[ 0](2,0)(1,0)
Tail[ 1](1,0)(1,0)
Tail[ 2](1,1)(0,-1)
Tail[ 3](1,2)(0,-1)
Tail[ 4](1,3)(0,-1)
[6]
2
Head    (4,0)(1,0)
Tail[ 0](3,0)(1,0)
Tail[ 1](2,0)(1,0)
Tail[ 2](1,0)(1,0)
Tail[ 3](1,1)(0,-1)
Tail[ 4](1,2)(0,-1)
[7]
2
Head    (4,0)(1,0)
Tail[ 0](3,0)(1,0)
Tail[ 1](2,0)(1,0)
Tail[ 2](1,0)(1,0)
Tail[ 3](1,1)(0,-1)
Tail[ 4](1,2)(0,-1)
--------------------------
[1]
1
Head    (1,1)(0,-1)
Tail[ 0](1,2)(0,-1)
Tail[ 1](1,3)(0,-1)
Tail[ 2](1,4)(0,-1)
Tail[ 3](1,5)(0,-1)
--------------------------
[2]
1
Head    (1,0)(0,-1)
Tail[ 0](1,1)(0,-1)
Tail[ 1](1,2)(0,-1)
Tail[ 2](1,3)(0,-1)
Tail[ 3](1,4)(0,-1)
[3]
2
Head    (1,0)(1,0)
Tail[ 0](1,1)(0,-1)
Tail[ 1](1,2)(0,-1)
Tail[ 2](1,3)(0,-1)
Tail[ 3](1,4)(0,-1)
--------------------------
[1]
1
Head    (1,1)(0,-1)
Tail[ 0](1,2)(0,-1)
Tail[ 1](1,3)(0,-1)
Tail[ 2](1,4)(0,-1)
Tail[ 3](1,5)(0,-1)
--------------------------
[2]
1
Head    (1,0)(0,-1)
Tail[ 0](1,1)(0,-1)
Tail[ 1](1,2)(0,-1)
Tail[ 2](1,3)(0,-1)
Tail[ 3](1,4)(0,-1)
[3]
2
Head    (1,0)(1,0)
Tail[ 0](1,1)(0,-1)
Tail[ 1](1,2)(0,-1)
Tail[ 2](1,3)(0,-1)
Tail[ 3](1,4)(0,-1)
[4]
2
Head    (2,0)(1,0)
Tail[ 0](1,0)(1,0)
Tail[ 1](1,1)(0,-1)
Tail[ 2](1,2)(0,-1)
Tail[ 3](1,3)(0,-1)
--------------------------
[1]
1
Head    (1,1)(0,-1)
Tail[ 0](1,2)(0,-1)
Tail[ 1](1,3)(0,-1)
Tail[ 2](1,4)(0,-1)
Tail[ 3](1,5)(0,-1)
--------------------------
[2]
1
Head    (1,0)(0,-1)
Tail[ 0](1,1)(0,-1)
Tail[ 1](1,2)(0,-1)
Tail[ 2](1,3)(0,-1)
Tail[ 3](1,4)(0,-1)
--------------------------
[1]
1
Head    (1,1)(0,-1)
Tail[ 0](1,2)(0,-1)
Tail[ 1](1,3)(0,-1)
Tail[ 2](1,4)(0,-1)
Tail[ 3](1,5)(0,-1)
--------------------------
--------------------------
[1]
1
Head    (1,1)(0,-1)
Tail[ 0](1,2)(0,-1)
Tail[ 1](1,3)(0,-1)
Tail[ 2](1,4)(0,-1)
Tail[ 3](1,5)(0,-1)
--------------------------
[2]
1
Head    (1,0)(0,-1)
Tail[ 0](1,1)(0,-1)
Tail[ 1](1,2)(0,-1)
Tail[ 2](1,3)(0,-1)
Tail[ 3](1,4)(0,-1)
--------------------------
[1]
1
Head    (1,1)(0,-1)
Tail[ 0](1,2)(0,-1)
Tail[ 1](1,3)(0,-1)
Tail[ 2](1,4)(0,-1)
Tail[ 3](1,5)(0,-1)
--------------------------
--------------------------
[1]
1
Head    (1,1)(0,-1)
Tail[ 0](1,2)(0,-1)
Tail[ 1](1,3)(0,-1)
Tail[ 2](1,4)(0,-1)
Tail[ 3](1,5)(0,-1)
--------------------------
--------------------------
[1]
1
Head    (2,1)(0,-1)
Tail[ 0](2,2)(0,-1)
Tail[ 1](2,3)(0,-1)
Tail[ 2](2,4)(0,-1)
Tail[ 3](2,5)(0,-1)
--------------------------
--------------------------
[1]
1
Head    (1,1)(0,-1)
Tail[ 0](1,2)(0,-1)
Tail[ 1](1,3)(0,-1)
Tail[ 2](1,4)(0,-1)
Tail[ 3](1,5)(0,-1)
--------------------------
[2]
1
Head    (1,0)(0,-1)
Tail[ 0](1,1)(0,-1)
Tail[ 1](1,2)(0,-1)
Tail[ 2](1,3)(0,-1)
Tail[ 3](1,4)(0,-1)
[3]
2
Head    (1,0)(1,0)
Tail[ 0](1,1)(0,-1)
Tail[ 1](1,2)(0,-1)
Tail[ 2](1,3)(0,-1)
Tail[ 3](1,4)(0,-1)
--------------------------
[1]
1
Head    (1,1)(0,-1)
Tail[ 0](1,2)(0,-1)
Tail[ 1](1,3)(0,-1)
Tail[ 2](1,4)(0,-1)
Tail[ 3](1,5)(0,-1)
--------------------------
[2]
1
Head    (1,0)(0,-1)
Tail[ 0](1,1)(0,-1)
Tail[ 1](1,2)(0,-1)
Tail[ 2](1,3)(0,-1)
Tail[ 3](1,4)(0,-1)
[3]
2
Head    (1,0)(1,0)
Tail[ 0](1,1)(0,-1)
Tail[ 1](1,2)(0,-1)
Tail[ 2](1,3)(0,-1)
Tail[ 3](1,4)(0,-1)
[4]
2
Head    (2,0)(1,0)
Tail[ 0](1,0)(1,0)
Tail[ 1](1,1)(0,-1)
Tail[ 2](1,2)(0,-1)
Tail[ 3](1,3)(0,-1)
[5]
2
Head    (3,0)(1,0)
Tail[ 0](2,0)(1,0)
Tail[ 1](1,0)(1,0)
Tail[ 2](1,1)(0,-1)
Tail[ 3](1,2)(0,-1)
Tail[ 4](1,3)(0,-1)
[6]
2
Head    (4,0)(1,0)
Tail[ 0](3,0)(1,0)
Tail[ 1](2,0)(1,0)
Tail[ 2](1,0)(1,0)
Tail[ 3](1,1)(0,-1)
Tail[ 4](1,2)(0,-1)
--------------------------
[1]
2
Head    (1,1)(1,0)
Tail[ 0](1,2)(0,-1)
Tail[ 1](1,3)(0,-1)
Tail[ 2](1,4)(0,-1)
Tail[ 3](1,5)(0,-1)
--------------------------
[2]
2
Head    (2,1)(1,0)
Tail[ 0](1,1)(1,0)
Tail[ 1](1,2)(0,-1)
Tail[ 2](1,3)(0,-1)
Tail[ 3](1,4)(0,-1)
--------------------------
[1]
1
Head    (2,1)(0,-1)
Tail[ 0](2,2)(0,-1)
Tail[ 1](2,3)(0,-1)
Tail[ 2](2,4)(0,-1)
Tail[ 3](2,5)(0,-1)
--------------------------
[2]
1
Head    (2,0)(0,-1)
Tail[ 0](2,1)(0,-1)
Tail[ 1](2,2)(0,-1)
Tail[ 2](2,3)(0,-1)
Tail[ 3](2,4)(0,-1)
--------------------------
[1]
1
Head    (1,1)(0,-1)
Tail[ 0](1,2)(0,-1)
Tail[ 1](1,3)(0,-1)
Tail[ 2](1,4)(0,-1)
Tail[ 3](1,5)(0,-1)
--------------------------
[2]
1
Head    (1,0)(0,-1)
Tail[ 0](1,1)(0,-1)
Tail[ 1](1,2)(0,-1)
Tail[ 2](1,3)(0,-1)
Tail[ 3](1,4)(0,-1)
--------------------------
[1]
1
Head    (2,1)(0,-1)
Tail[ 0](2,2)(0,-1)
Tail[ 1](2,3)(0,-1)
Tail[ 2](2,4)(0,-1)
Tail[ 3](2,5)(0,-1)
--------------------------
[2]
1
Head    (2,0)(0,-1)
Tail[ 0](2,1)(0,-1)
Tail[ 1](2,2)(0,-1)
Tail[ 2](2,3)(0,-1)
Tail[ 3](2,4)(0,-1)
--------------------------
[1]
1
Head    (1,1)(0,-1)
Tail[ 0](1,2)(0,-1)
Tail[ 1](1,3)(0,-1)
Tail[ 2](1,4)(0,-1)
Tail[ 3](1,5)(0,-1)
--------------------------
--------------------------
[1]
1
Head    (2,1)(0,-1)
Tail[ 0](2,2)(0,-1)
Tail[ 1](2,3)(0,-1)
Tail[ 2](2,4)(0,-1)
Tail[ 3](2,5)(0,-1)
--------------------------
--------------------------
[1]
1
Head    (1,1)(0,-1)
Tail[ 0](1,2)(0,-1)
Tail[ 1](1,3)(0,-1)
Tail[ 2](1,4)(0,-1)
Tail[ 3](1,5)(0,-1)
--------------------------
[2]
1
Head    (1,0)(0,-1)
Tail[ 0](1,1)(0,-1)
Tail[ 1](1,2)(0,-1)
Tail[ 2](1,3)(0,-1)
Tail[ 3](1,4)(0,-1)
[3]
2
Head    (1,0)(1,0)
Tail[ 0](1,1)(0,-1)
Tail[ 1](1,2)(0,-1)
Tail[ 2](1,3)(0,-1)
Tail[ 3](1,4)(0,-1)
[4]
2
Head    (2,0)(1,0)
Tail[ 0](1,0)(1,0)
Tail[ 1](1,1)(0,-1)
Tail[ 2](1,2)(0,-1)
Tail[ 3](1,3)(0,-1)
[5]
2
Head    (3,0)(1,0)
Tail[ 0](2,0)(1,0)
Tail[ 1](1,0)(1,0)
Tail[ 2](1,1)(0,-1)
Tail[ 3](1,2)(0,-1)
Tail[ 4](1,3)(0,-1)
[6]
2
Head    (4,0)(1,0)
Tail[ 0](3,0)(1,0)
Tail[ 1](2,0)(1,0)
Tail[ 2](1,0)(1,0)
Tail[ 3](1,1)(0,-1)
Tail[ 4](1,2)(0,-1)
[7]
2
Head    (4,0)(1,0)
Tail[ 0](3,0)(1,0)
Tail[ 1](2,0)(1,0)
Tail[ 2](1,0)(1,0)
Tail[ 3](1,1)(0,-1)
Tail[ 4](1,2)(0,-1)
[8]
2
Head    (4,0)(1,0)
Tail[ 0](3,0)(1,0)
Tail[ 1](2,0)(1,0)
Tail[ 2](1,0)(1,0)
Tail[ 3](1,1)(0,-1)
Tail[ 4](1,2)(0,-1)
[9]
2
Head    (4,0)(1,0)
Tail[ 0](3,0)(1,0)
Tail[ 1](2,0)(1,0)
Tail[ 2](1,0)(1,0)
Tail[ 3](1,1)(0,-1)
Tail[ 4](1,2)(0,-1)
[10]
2
Head    (4,0)(1,0)
Tail[ 0](3,0)(1,0)
Tail[ 1](2,0)(1,0)
Tail[ 2](1,0)(1,0)
Tail[ 3](1,1)(0,-1)
Tail[ 4](1,2)(0,-1)
--------------------------
[1]
1
Head    (1,1)(0,-1)
Tail[ 0](1,2)(0,-1)
Tail[ 1](1,3)(0,-1)
Tail[ 2](1,4)(0,-1)
Tail[ 3](1,5)(0,-1)
--------------------------
[2]
1
Head    (1,0)(0,-1)
Tail[ 0](1,1)(0,-1)
Tail[ 1](1,2)(0,-1)
Tail[ 2](1,3)(0,-1)
Tail[ 3](1,4)(0,-1)
[3]
2
Head    (1,0)(1,0)
Tail[ 0](1,1)(0,-1)
Tail[ 1](1,2)(0,-1)
Tail[ 2](1,3)(0,-1)
Tail[ 3](1,4)(0,-1)
[4]
2
Head    (2,0)(1,0)
Tail[ 0](1,0)(1,0)
Tail[ 1](1,1)(0,-1)
Tail[ 2](1,2)(0,-1)
Tail[ 3](1,3)(0,-1)
[5]
2
Head    (3,0)(1,0)
Tail[ 0](2,0)(1,0)
Tail[ 1](1,0)(1,0)
Tail[ 2](1,1)(0,-1)
Tail[ 3](1,2)(0,-1)
Tail[ 4](1,3)(0,-1)
[6]
2
Head    (4,0)(1,0)
Tail[ 0](3,0)(1,0)
Tail[ 1](2,0)(1,0)
Tail[ 2](1,0)(1,0)
Tail[ 3](1,1)(0,-1)
Tail[ 4](1,2)(0,-1)
[7]
2
Head    (4,0)(1,0)
Tail[ 0](3,0)(1,0)
Tail[ 1](2,0)(1,0)
Tail[ 2](1,0)(1,0)
Tail[ 3](1,1)(0,-1)
Tail[ 4](1,2)(0,-1)
[8]
2
Head    (4,0)(1,0)
Tail[ 0](3,0)(1,0)
Tail[ 1](2,0)(1,0)
Tail[ 2](1,0)(1,0)
Tail[ 3](1,1)(0,-1)
Tail[ 4](1,2)(0,-1)
[9]
2
Head    (4,0)(1,0)
Tail[ 0](3,0)(1,0)
Tail[ 1](2,0)(1,0)
Tail[ 2](1,0)(1,0)
Tail[ 3](1,1)(0,-1)
Tail[ 4](1,2)(0,-1)
[10]
2
Head    (4,0)(1,0)
Tail[ 0](3,0)(1,0)
Tail[ 1](2,0)(1,0)
Tail[ 2](1,0)(1,0)
Tail[ 3](1,1)(0,-1)
Tail[ 4](1,2)(0,-1)
[11]
2
Head    (4,0)(1,0)
Tail[ 0](3,0)(1,0)
Tail[ 1](2,0)(1,0)
Tail[ 2](1,0)(1,0)
Tail[ 3](1,1)(0,-1)
Tail[ 4](1,2)(0,-1)
[12]
2
Head    (4,0)(1,0)
Tail[ 0](3,0)(1,0)
Tail[ 1](2,0)(1,0)
Tail[ 2](1,0)(1,0)
Tail[ 3](1,1)(0,-1)
Tail[ 4](1,2)(0,-1)
[13]
2
Head    (4,0)(1,0)
Tail[ 0](3,0)(1,0)
Tail[ 1](2,0)(1,0)
Tail[ 2](1,0)(1,0)
Tail[ 3](1,1)(0,-1)
Tail[ 4](1,2)(0,-1)
[14]
2
Head    (4,0)(1,0)
Tail[ 0](3,0)(1,0)
Tail[ 1](2,0)(1,0)
Tail[ 2](1,0)(1,0)
Tail[ 3](1,1)(0,-1)
Tail[ 4](1,2)(0,-1)
[15]
2
Head    (4,0)(1,0)
Tail[ 0](3,0)(1,0)
Tail[ 1](2,0)(1,0)
Tail[ 2](1,0)(1,0)
Tail[ 3](1,1)(0,-1)
Tail[ 4](1,2)(0,-1)
