0 8 1 9 0 3 0 2 5 
5 6 0 0 5 4 7 1 0 
0 0 4 1 5 7 0 8 3 
3 7 2 8 5 6 9 5 0 
0 4 0 7 1 0 0 3 6 
0 0 8 3 1 0 0 0 7 
2 5 6 4 0 0 3 0 0 
0 3 7 0 2 9 1 6 4 
0 1 0 0 3 8 0 7 0 

7 8 1 9 6 3 4 2 5 
5 6 3 2 8 4 7 1 9 
9 2 4 1 5 7 6 8 3 
3 7 2 8 4 6 9 5 1 
1 4 5 7 9 2 8 3 6 
6 9 8 3 1 5 2 4 7 
2 5 6 4 7 1 3 9 8 
8 3 7 5 2 9 1 6 4 
4 1 9 6 3 8 5 7 2 

0 1 1 1 0 1 0 1 1 
1 1 0 0 0 1 1 1 0 
0 0 1 1 1 1 0 1 1 
1 1 1 1 0 1 1 1 0 
0 1 0 1 0 0 0 1 1 
0 0 1 1 1 0 0 0 1 
1 1 1 1 0 0 1 0 0 
0 1 1 0 1 1 1 1 1 
0 1 0 0 1 1 0 1 0 
